.Random.seed <-
c(403L, 10L, -2047227576L, 867398774L, 1998791089L, -1543827485L, 
1955990706L, 1142046980L, 1629399623L, 1835126045L, 815037332L, 
-1228853446L, 1835946885L, -1401632673L, -1955038490L, -72908432L, 
1142753939L, 138457905L, 707981792L, -1306458498L, -1629098743L, 
-1447084229L, -1806641398L, -925153556L, 1330393967L, 434029733L, 
1811379804L, -580649422L, 734879021L, -751088665L, -68801778L, 
-1929687832L, -92084501L, -2042656887L, -1079626984L, -1458272698L, 
-461269343L, -351602381L, 779376802L, -1813555308L, -2127563241L, 
-1863572979L, 1207842596L, -760777974L, 257162869L, -787726897L, 
-187537706L, -542807424L, -426453821L, 1054118497L, -38507824L, 
544738350L, 675045849L, 1341160939L, 177281114L, -1647764964L, 
744127263L, -234901643L, 128316940L, 800042978L, 969266365L, 
-1415097545L, 2079472606L, 845969688L, 1031097467L, -1802604007L, 
176550568L, -54126506L, -1148422959L, 212242563L, -312171758L, 
1457206948L, 792060519L, -1240007747L, 1710191924L, -1991061862L, 
-2032739099L, -109240705L, 1001211910L, -996349040L, 551564851L, 
-702437935L, -867469440L, -1456641442L, -1279176279L, -284770213L, 
240916586L, 1262450956L, -1946053809L, 2024755205L, 872476348L, 
-1608587374L, -1925311347L, -409840953L, -668318802L, 1087692296L, 
-208809461L, -283606295L, 861482424L, -2088678810L, -1719044351L, 
639271315L, 1068309058L, -1952125452L, -39282697L, -1510634515L, 
-531553148L, 184646314L, 1803284501L, -374654801L, -2126326090L, 
548185312L, -1989875677L, -1391102143L, -82052560L, -623876018L, 
-341206855L, -1672524597L, 7704954L, 1378618492L, 1358227647L, 
1768594837L, 2109562284L, 1324038018L, 1154686301L, 769528919L, 
2005234494L, -594027656L, 744527963L, 170205113L, 1272421896L, 
1668680886L, 1205443569L, -106174941L, -517368206L, -52081468L, 
-271185273L, -464223651L, -498695084L, -1434382726L, 2072423877L, 
-464744673L, 2093546150L, 2027109424L, 521477843L, -967475983L, 
1546229792L, -242565442L, -1051714871L, -1684672389L, 1157819978L, 
-1499915604L, 1516473775L, 213663077L, 108309276L, 129716082L, 
898360301L, -765451225L, -21218226L, 1072988328L, -602427733L, 
-2082812983L, -1128503336L, 1397157510L, 107476833L, 2125310707L, 
-2091092638L, -1077705772L, 600221399L, 713542861L, -62452636L, 
-1762672054L, -417282123L, 782441231L, -795793386L, -1433193792L, 
388351107L, 671363233L, 1107900048L, 1939301742L, -575024359L, 
1134155691L, 436073882L, 242651484L, 2111203423L, -1434638283L, 
451750860L, -1691705566L, -905133699L, 773089911L, -772410466L, 
487375448L, 991226811L, -829579943L, 185030376L, 1860216598L, 
66611345L, -825285309L, -2137857966L, 154485476L, -421636825L, 
-1781551747L, -306011020L, -721818022L, 571382437L, 1622483135L, 
465527622L, 26325456L, 1317704691L, -1975244015L, 51944256L, 
-1015143650L, 2077764585L, 1345052955L, 1331305258L, -1770349492L, 
1299469327L, 1410735941L, 1522301180L, 386500434L, 702171341L, 
591665287L, 1826949998L, 758308168L, 1885161803L, -1875796823L, 
-1018577416L, -405478106L, 798070337L, 2089382120L, 1370087660L, 
-1824178116L, -1068875662L, -2012829584L, 1677285924L, -1160560072L, 
994660890L, -1002604336L, -2097801668L, -1555753836L, -1085954942L, 
1602793408L, -927509188L, -828873072L, 837631010L, -1133983736L, 
-1922681716L, 2069973020L, -2035546990L, 625949824L, -1384661996L, 
-1182854360L, 813550650L, -1788658480L, -1226978196L, -788597068L, 
-674848750L, 1923678176L, -211979316L, 1274230240L, -1322992606L, 
1479537960L, -21929716L, 1047256636L, -258714382L, -1378346768L, 
-180484284L, 1842806872L, -1151174086L, -312940304L, -1074171204L, 
-901197292L, -2040230718L, 758818400L, -696404612L, 2040220880L, 
1733172258L, 1291618472L, 1914977676L, -1563547204L, 2024101938L, 
-1804731584L, -949713228L, -1035960L, -197418310L, -30615792L, 
1111722220L, -873883564L, -2113638638L, -1089437280L, 335171532L, 
-660908192L, -205818686L, -836248024L, -1154905684L, 1975472956L, 
1950266226L, 469047088L, 823945252L, -1362198984L, -160738598L, 
-1824118896L, -1228083972L, 68736404L, -163441854L, -1799140864L, 
-1095292868L, -1471157680L, -965377886L, 1811419976L, -211230196L, 
1931850460L, -1188042670L, -380490624L, 1327198036L, 694779880L, 
1660680954L, -1603092656L, -1978166228L, 1275523444L, -1883244910L, 
588978784L, 43243660L, 1581091168L, -1462114078L, -669064024L, 
-1893540148L, 1119185404L, 2033398706L, -499778576L, -2038060604L, 
485109080L, -2051597958L, 805411248L, 153280956L, -771092908L, 
-781469246L, 1651329824L, 1532615612L, 1778839632L, -1212996638L, 
1009928040L, -2122358964L, 2059210492L, -816574734L, -401289984L, 
1297114228L, -1508643320L, 1825209786L, -1445919280L, 212414444L, 
-549287020L, 1819750610L, -1587790752L, -2009893556L, -1484518624L, 
44661378L, -1944903192L, 1981539308L, -212134340L, -1066090894L, 
2139616112L, -743027420L, 682515000L, -1736601190L, 1843578320L, 
-929339972L, -253147500L, -206208382L, -2139253312L, 1173434172L, 
-2075037040L, -1660393694L, -1159014904L, -2133884148L, 1847516060L, 
-1608350702L, -1959734400L, -960787692L, -1918487256L, 1195937850L, 
-1301826608L, 695818860L, -1927791564L, -1354655598L, 16433504L, 
1047506252L, 493047264L, -1128582238L, 382241704L, 1958497420L, 
-1063844932L, 1206434930L, 1856788464L, -1559555004L, -1456621480L, 
1106960442L, 1043542128L, -1270786500L, 165975828L, 1482140354L, 
1767854816L, -1961997188L, -1486390064L, 1933593506L, -803656152L, 
941947148L, 1586911164L, 1611688242L, -1302257472L, 569639476L, 
-1532327224L, -1109312838L, -1533115248L, -425724180L, 1500995156L, 
162989714L, 1068996384L, 890914764L, -428269344L, -427573566L, 
-1129085912L, 823462828L, -1530258756L, -584463886L, 255579696L, 
282806180L, 550015416L, -1102744742L, 1030288528L, -906626180L, 
-807143660L, 1158303042L, -496353536L, 46298044L, -86241456L, 
-2090051294L, -814538168L, -220696564L, -441781156L, 1949680082L, 
-1027482112L, -1150095020L, -1105366808L, 1827999994L, -1494513968L, 
1145147692L, -1064398604L, 2004757906L, -376559264L, 1882220556L, 
-84516128L, -1267893662L, 1722356392L, -924849588L, -1114333316L, 
987343369L, -870522082L, -1301673268L, 1574945437L, -677867737L, 
-100007600L, -1165119506L, -1448103781L, -27772163L, 1919017450L, 
-780809592L, 1825070129L, 643673763L, 1941489316L, -246347950L, 
-2028360025L, -1586998543L, 1211972150L, 1430345428L, 800356965L, 
56268911L, 165362344L, -1864824826L, -840538829L, -1903089259L, 
1860302322L, -72005056L, 1341957033L, 246595099L, 302929900L, 
387317754L, 251733039L, 1260459065L, 47236686L, 479442588L, 793185293L, 
-52752265L, 592779392L, 2080644830L, 1061746091L, -39139667L, 
1784093466L, -1100479528L, 634871873L, 86806259L, 756412692L, 
1364427938L, -1657871945L, 1061266817L, -572673146L, -1661238844L, 
-1823217419L, -284022433L, 726262712L, -284473706L, 996167843L, 
-470033819L, -2062381182L, -667679504L, 486677657L, -503139189L, 
-1551876740L, -1615885398L, 2078723039L, -1937038999L, 245271934L, 
805965164L, -882862659L, 888182407L, -1734151568L, -1034233586L, 
1239303739L, -667675363L, 106233802L, 18303208L, 448187345L, 
-1602966077L, 1383327428L, -1658884750L, 268943431L, 2015872017L, 
1978115478L, 1838201076L, 847409797L, -1841316913L, -388762936L, 
102585190L, -383014509L, -1635278091L, 1768962770L, 1101178144L, 
260345097L, 940300859L, -1659711604L, 1067240986L, 395327119L, 
-1146498599L, 184018542L, 1734821372L, -2118992019L, -1396414185L, 
1363297504L, 489007806L, 1480796299L, 1643173645L, -1110247622L, 
-2065477768L, 975660321L, 1156281811L, -336276236L, 772435330L, 
1363908631L, 315023073L, 1195640870L, 1035423012L, 987690453L, 
-432129665L, -283645928L, -416295114L, -258133565L, -1014415355L, 
-5168222L, -1698074736L, -622703815L, -826417173L, 583499996L, 
-1839464182L, -1156608001L, -2035637687L, -1429354530L, -1495152756L, 
764663645L, 328519527L, 1261810832L, 805411502L, 862975835L, 
1067009853L, 1156134314L, -512689592L, 154294897L, -365904925L, 
-1515116828L, -1913094638L, 1518553575L, -2039634511L, 349578230L, 
